Executing with the following parameters: 
Num elements = 51200000
Will perform a dry run? yes
421.428375
421.321259
421.462646
421.419281
421.376343
421.391083
421.441681
421.422760
421.342072
421.409790
421.450256
421.390350
421.389648
421.532959
421.471405
421.402435
421.406189
421.375946
421.517181
421.432495
421.427704
421.441925
421.366516
421.454437
421.384674
421.330048
421.401398
421.391052
421.376923
421.412567
421.442383
421.445251
421.455200
421.409943
421.405304
421.405792
421.457184
421.438385
421.421783
421.464172
421.333557
421.409637
421.389130
421.394897
421.384583
421.459778
421.425476
421.405426
421.428802
421.407227
CCHECK 67705770221599453085696.000000
