Executing with the following parameters: 
Num elements = 51200000
Will perform a dry run? yes
210.410049
210.465729
210.427704
210.457138
210.415466
210.480469
210.465683
210.398651
210.449799
210.418335
210.419586
210.439316
210.419266
210.405838
210.437607
210.431870
210.447144
210.457443
210.426086
210.426361
210.442657
210.441559
210.425415
210.427338
210.384430
210.424316
210.445938
210.440414
210.402084
210.457916
210.421875
210.439224
210.421463
210.411514
210.434433
210.423126
210.437241
210.449951
210.424637
210.408020
210.428696
210.467194
210.409744
210.429428
210.425674
210.401413
210.423599
210.445984
210.399017
210.422913
CCHECK 67705770221599453085696.000000
