Executing with the following parameters: 
Num elements = 51200000
Will perform a dry run? yes
64.596252
64.602188
64.611252
64.610832
64.611351
64.587502
64.591927
64.586403
64.591202
64.588127
64.593071
64.606354
64.618645
64.611877
64.596352
64.586510
64.583694
64.597450
64.591820
64.588699
64.590050
64.592812
64.589325
64.593643
64.583694
64.590622
64.599739
64.586044
64.589424
64.590782
64.588959
64.588387
64.588074
64.592033
64.588852
64.587555
64.584221
64.582397
64.587029
64.590576
64.591515
64.587708
64.587914
64.589111
64.591774
64.580368
64.587395
64.592239
64.595680
64.598747
CCHECK 67705770221599453085696.000000
