Executing with the following parameters: 
Num elements = 51200000
Will perform a dry run? yes
486.320221
486.414276
486.407776
486.406708
486.412354
486.484314
486.411652
486.501526
486.447968
486.418243
486.390167
486.439026
486.433441
486.415253
486.451569
486.403442
486.444061
486.462982
486.401733
486.381470
486.417755
486.455475
486.442810
486.496613
486.490936
486.391083
486.468445
486.440460
486.406525
486.341980
486.421570
486.379272
486.378845
486.410461
486.485168
486.424683
486.423798
486.475739
486.350983
486.443970
486.404541
486.439484
486.423798
486.497864
486.450470
486.438599
486.383423
486.377228
486.355743
486.428497
CCHECK 67705770221599453085696.000000
