Executing with the following parameters: 
Num elements = 51200000
Will perform a dry run? yes
502.410156
502.562866
502.801422
502.708893
502.609070
502.656982
502.645996
502.690796
502.650879
502.693115
502.608795
502.581757
502.591919
502.657074
502.699371
502.582458
502.625092
502.636871
502.691040
502.697357
502.700684
502.699829
502.662079
502.557556
502.666290
502.657654
502.603851
502.594696
502.644470
502.658447
502.709381
502.593658
502.623291
502.656250
502.589569
502.719269
502.594208
502.615051
502.615265
502.617493
502.569122
502.540405
502.579468
502.614532
502.710938
502.572449
502.641205
502.651733
502.519806
502.680786
CCHECK 67705770221599453085696.000000
