Executing with the following parameters: 
Num elements = 51200000
Will perform a dry run? yes
161.723236
161.779434
161.803177
161.763901
161.749481
161.774109
161.741669
161.758331
161.763596
161.772964
161.764694
161.733902
161.778961
161.767395
161.754211
161.749954
161.766296
161.732864
161.755051
161.746246
161.749786
161.759003
161.737076
161.769577
161.756409
161.766724
161.769943
161.773956
161.756088
161.768127
161.748856
161.751511
161.770370
161.756622
161.744797
161.763382
161.735107
161.726303
161.744995
161.788132
161.752136
161.749954
161.771042
161.735886
161.764267
161.761978
161.733597
161.747818
161.753799
161.742554
CCHECK 67705770221599453085696.000000
