Executing with the following parameters: 
Num elements = 51200000
Will perform a dry run? yes
307.726288
307.772705
307.756775
307.758331
307.752136
307.802826
307.758331
307.756104
307.712982
307.766205
307.675110
307.736755
307.769379
307.763062
307.736725
307.730408
307.736420
307.709381
307.764832
307.745483
307.708008
307.791046
307.730194
307.701050
307.740112
307.716614
307.770935
307.713654
307.692749
307.742279
307.705933
307.722748
307.740845
307.711975
307.725006
307.702332
307.752289
307.726135
307.776245
307.714386
307.739471
307.709167
307.758545
307.754272
307.727386
307.747437
307.758423
307.727600
307.654724
307.739594
CCHECK 67705770221599453085696.000000
