Executing with the following parameters: 
Num elements = 51200000
Will perform a dry run? yes
48.479168
48.459167
48.436356
48.440624
48.435207
48.427395
48.425884
48.428749
48.429428
48.424374
48.441563
48.429169
48.426407
48.429947
48.429531
48.423073
48.440052
48.436302
48.434063
48.423176
48.425259
48.424480
48.425728
48.440468
48.429321
48.424530
48.425259
48.424637
48.426510
48.423698
48.437187
48.426876
48.425259
48.422604
48.423752
48.420834
48.422760
48.419167
48.423752
48.430676
48.424168
48.422550
48.428387
48.422237
48.426823
48.422916
48.432293
48.422241
48.421509
48.428856
CCHECK 67705770221599453085696.000000
