Executing with the following parameters: 
Num elements = 51200000
Will perform a dry run? yes
96.953331
97.004478
96.984581
96.997551
96.986198
96.984322
96.975052
96.980988
96.995781
96.979378
96.993805
96.977448
96.969795
96.982864
96.976768
96.980675
96.974846
96.967552
96.982918
96.987236
96.974480
96.982140
96.968071
97.000679
96.976982
96.976303
96.973022
96.973747
96.990570
96.990364
96.971977
96.987244
96.977966
96.976196
96.988487
96.970413
96.981041
96.973648
96.983490
96.989845
96.980415
96.971458
96.973907
96.978127
96.977554
96.978333
96.989639
96.982552
96.973595
96.983383
CCHECK 67705770221599453085696.000000
