Executing with the following parameters: 
Num elements = 51200000
Will perform a dry run? yes
372.621826
372.700714
372.650055
372.676208
372.592438
372.624573
372.649384
372.670990
372.632721
372.648163
372.718903
372.627655
372.644806
372.683228
372.648010
372.777924
372.632599
372.587921
372.672546
372.597351
372.582092
372.693970
372.686554
372.647247
372.650421
372.645782
372.639435
372.663910
372.662140
372.654846
372.718292
372.641724
372.631348
372.634796
372.637543
372.675720
372.636414
372.634888
372.676819
372.699677
372.734467
372.664429
372.667816
372.676086
372.626190
372.667755
372.705566
372.603241
372.681549
372.581879
CCHECK 67705770221599453085696.000000
