Executing with the following parameters: 
Num elements = 51200000
Will perform a dry run? yes
194.157501
194.175369
194.196930
194.173752
194.153809
194.145416
194.131821
194.166412
194.188965
194.143280
194.169891
194.207703
194.169067
194.161713
194.139633
194.225571
194.177704
194.176712
194.194061
194.146042
194.146881
194.169266
194.164902
194.237656
194.189941
194.183441
194.171875
194.133392
194.169067
194.175003
194.187912
194.164062
194.176086
194.164429
194.143021
194.166306
194.173965
194.149841
194.157089
194.147659
194.201614
194.168076
194.180939
194.199219
194.175781
194.175369
194.165833
194.159225
194.167389
194.127396
CCHECK 67705770221599453085696.000000
