Executing with the following parameters: 
Num elements = 51200000
Will perform a dry run? yes
24.943489
24.855364
24.792397
24.821926
24.821667
24.843437
24.833593
24.828905
24.840000
24.819635
24.825052
24.838228
24.809061
24.852291
24.832708
24.835730
24.830156
24.827343
24.818645
24.805573
24.815939
24.838646
24.826094
24.811666
24.806770
24.826979
24.845989
24.821980
24.824427
24.810520
24.815001
24.813282
24.830936
24.800625
24.842188
24.797501
24.817917
24.854271
24.839375
24.815470
24.834637
24.833437
24.876198
24.833960
24.854584
24.817917
24.845833
24.854010
24.830469
24.826822
CCHECK 67705770221599453085696.000000
