Executing with the following parameters: 
Num elements = 51200000
Will perform a dry run? yes
453.855103
453.954620
453.964630
453.939697
453.992126
454.052277
453.913757
453.918640
453.873444
453.920624
453.934418
453.932709
453.907959
453.937592
453.951721
453.935730
453.954956
453.962616
453.945374
453.873230
453.934692
453.930115
454.026978
453.939575
453.915161
453.943237
453.946808
453.916412
453.964111
453.882874
453.909851
453.950012
453.903290
453.956207
453.952240
453.874725
453.830048
453.875885
453.965424
453.897125
453.865204
453.947815
453.929413
453.891510
453.842590
453.953552
453.844482
453.904938
453.911255
453.974365
CCHECK 67705770221599453085696.000000
