Executing with the following parameters: 
Num elements = 51200000
Will perform a dry run? yes
129.349167
129.379166
129.367966
129.357498
129.376099
129.360580
129.348648
129.363174
129.342285
129.347961
129.350937
129.387085
129.369110
129.360779
129.354218
129.369019
129.356720
129.377396
129.368225
129.365677
129.356613
129.355881
129.361038
129.355103
129.344742
129.364166
129.360413
129.362183
129.373123
129.345734
129.355835
129.359894
129.354843
129.343964
129.357910
129.351044
129.351410
129.348068
129.362350
129.367599
129.359482
129.350723
129.348328
129.355942
129.374481
129.352448
129.353546
129.356827
129.353439
129.348282
CCHECK 67705770221599453085696.000000
