Executing with the following parameters: 
Num elements = 51200000
Will perform a dry run? yes
470.133606
470.172821
470.213135
470.176056
470.259064
470.135010
470.287354
470.296143
470.345947
470.207092
470.215057
470.278290
470.248505
470.263489
470.275940
470.184021
470.217407
470.195618
470.154846
470.248901
470.237610
470.209106
470.159119
470.208496
470.181030
470.263794
470.122925
470.300476
470.250580
470.275574
470.196198
470.176300
470.238892
470.242981
470.230621
470.216400
470.261993
470.207397
470.220886
470.180206
470.120300
470.184753
470.206299
470.247437
470.261353
470.208710
470.144989
470.224945
470.157867
470.218811
CCHECK 67705770221599453085696.000000
