Executing with the following parameters: 
Num elements = 51200000
Will perform a dry run? yes
80.805992
80.794640
80.786461
80.813492
80.786507
80.787132
80.788338
80.781715
80.820518
80.787292
80.781769
80.796356
80.788902
80.799423
80.782448
80.794685
80.784218
80.781143
80.793434
80.787292
80.783440
80.775154
80.786819
80.792656
80.790054
80.786301
80.780365
80.793854
80.784843
80.780472
80.794685
80.790779
80.776253
80.787971
80.785835
80.781410
80.790627
80.778595
80.789688
80.800156
80.790260
80.780731
80.786354
80.782135
80.781357
80.779373
80.787346
80.782600
80.790993
80.788544
CCHECK 67705770221599453085696.000000
