Executing with the following parameters: 
Num elements = 51200000
Will perform a dry run? yes
388.857025
389.015717
388.940247
388.976501
388.959442
388.915833
388.942230
388.986145
388.997955
388.908386
388.930206
388.920624
389.003174
388.876984
389.011719
389.050995
388.962616
388.920410
388.954956
388.953278
388.982300
388.956512
389.000092
388.962860
388.938843
388.922485
388.931519
389.003113
388.923218
389.005310
389.015900
388.952240
389.056152
388.965820
388.987610
388.962494
388.961823
388.927826
388.949219
388.923126
388.916656
388.920258
388.995056
388.943542
388.916626
388.906921
388.926941
388.909882
388.966553
389.004364
CCHECK 67705770221599453085696.000000
