Executing with the following parameters: 
Num elements = 51200000
Will perform a dry run? yes
291.486877
291.560638
291.585632
291.565948
291.525726
291.481049
291.508545
291.544312
291.594635
291.535583
291.587616
291.507599
291.519104
291.548370
291.490051
291.547302
291.547394
291.517242
291.519104
291.518555
291.533997
291.578918
291.533661
291.522980
291.505005
291.509430
291.457764
291.556610
291.521088
291.549011
291.511780
291.500214
291.516510
291.556244
291.535889
291.525055
291.531982
291.544434
291.545410
291.549835
291.529480
291.483398
291.539673
291.511047
291.605377
291.473755
291.507812
291.537079
291.502808
291.495453
CCHECK 67705770221599453085696.000000
