Executing with the following parameters: 
Num elements = 51200000
Will perform a dry run? yes
275.218597
275.282806
275.234467
275.251465
275.293427
275.281311
275.263123
275.294220
275.294067
275.291199
275.271362
275.266968
275.249176
275.295898
275.265564
275.272705
275.213135
275.252930
275.267334
275.252075
275.296661
275.292084
275.289062
275.257904
275.235352
275.254333
275.255432
275.212616
275.291199
275.247070
275.259277
275.305054
275.253448
275.251099
275.214020
275.284637
275.277069
275.260742
275.242981
275.333191
275.283844
275.251617
275.286865
275.266205
275.266968
275.291718
275.275269
275.289337
275.226196
275.341156
CCHECK 67705770221599453085696.000000
