Executing with the following parameters: 
Num elements = 51200000
Will perform a dry run? yes
356.432556
356.433594
356.456085
356.474884
356.528442
356.467133
356.438965
356.469849
356.490723
356.466766
356.459991
356.422302
356.478027
356.442200
356.433502
356.436554
356.425781
356.439331
356.475677
356.459442
356.483124
356.467560
356.492096
356.487183
356.405792
356.486359
356.458557
356.431915
356.430511
356.429016
356.475586
356.472382
356.442139
356.487762
356.440979
356.434906
356.440430
356.514526
356.428131
356.456055
356.493591
356.451813
356.476990
356.459076
356.423370
356.457489
356.499176
356.472565
356.463867
356.460327
CCHECK 67705770221599453085696.000000
