Executing with the following parameters: 
Num elements = 51200000
Will perform a dry run? yes
405.110352
405.181976
405.241241
405.240265
405.222870
405.181244
405.193817
405.131866
405.231628
405.147552
405.165558
405.211304
405.181549
405.100983
405.215790
405.157776
405.162140
405.136871
405.183746
405.156677
405.192047
405.247772
405.120636
405.215454
405.186829
405.249634
405.153290
405.205475
405.229004
405.237823
405.154388
405.133240
405.213226
405.163116
405.306305
405.158386
405.212860
405.195923
405.163788
405.186554
405.186462
405.185272
405.217712
405.205200
405.125000
405.222076
405.188080
405.180511
405.133911
405.217194
CCHECK 67705770221599453085696.000000
