Executing with the following parameters: 
Num elements = 51200000
Will perform a dry run? yes
437.593536
437.628845
437.602509
437.598022
437.656158
437.620361
437.690094
437.534851
437.709167
437.608063
437.684906
437.665833
437.645111
437.648743
437.664581
437.664368
437.716705
437.659485
437.635925
437.677246
437.659271
437.659485
437.559174
437.698853
437.626160
437.614441
437.634949
437.653656
437.662079
437.603180
437.680145
437.621185
437.600891
437.634735
437.653015
437.620819
437.686188
437.575897
437.641510
437.706055
437.652771
437.600159
437.713593
437.664001
437.615356
437.561462
437.573486
437.629517
437.615479
437.653534
CCHECK 67705770221599453085696.000000
