Executing with the following parameters: 
Num elements = 51200000
Will perform a dry run? yes
226.615417
226.659851
226.625153
226.676086
226.643066
226.666458
226.629684
226.648697
226.657715
226.636353
226.682602
226.645157
226.635834
226.661041
226.657349
226.646973
226.632599
226.636459
226.640472
226.649475
226.664474
226.620682
226.626923
226.638275
226.624527
226.662857
226.633591
226.646713
226.687500
226.657867
226.630890
226.667816
226.631973
226.618652
226.660736
226.628601
226.595154
226.632401
226.652557
226.651978
226.621094
226.609116
226.630310
226.662140
226.643433
226.646042
226.655991
226.690475
226.639694
226.667130
CCHECK 67705770221599453085696.000000
