Executing with the following parameters: 
Num elements = 51200000
Will perform a dry run? yes
340.238800
340.187439
340.308655
340.283020
340.178284
340.294159
340.269592
340.287384
340.272614
340.201569
340.226288
340.299164
340.250610
340.262756
340.255432
340.275269
340.281555
340.254333
340.271881
340.226562
340.256775
340.239685
340.270416
340.249542
340.206146
340.269165
340.242493
340.241089
340.222198
340.240479
340.244049
340.214996
340.228119
340.290833
340.262177
340.283997
340.307800
340.195007
340.238220
340.297150
340.246399
340.316986
340.254883
340.233124
340.244751
340.253326
340.315216
340.338745
340.225830
340.265533
CCHECK 67705770221599453085696.000000
