Executing with the following parameters: 
Num elements = 51200000
Will perform a dry run? yes
145.556671
145.563751
145.587128
145.617035
145.550629
145.565475
145.567444
145.577972
145.559372
145.570267
145.555267
145.574997
145.570831
145.580566
145.557037
145.566513
145.543594
145.557297
145.576141
145.562027
145.572037
145.600830
145.575150
145.567184
145.569733
145.534836
145.582657
145.544327
145.555527
145.569839
145.551559
145.574585
145.582138
145.568909
145.567871
145.548904
145.565048
145.575836
145.583649
145.608902
145.602600
145.592087
145.566513
145.576462
145.582443
145.577454
145.553757
145.573334
145.574951
145.549530
CCHECK 67705770221599453085696.000000
