Executing with the following parameters: 
Num elements = 51200000
Will perform a dry run? yes
259.018341
259.042694
259.078949
259.094940
259.117615
259.101929
259.051453
259.070221
259.079742
259.060974
259.059265
259.097931
259.059021
259.106567
259.051605
259.058136
259.075256
259.063660
259.085419
259.101715
259.059021
259.090729
259.081512
259.036560
259.073181
259.011292
259.088745
259.093903
259.056183
259.074493
259.073700
259.110260
259.090515
259.095306
259.105255
259.094482
259.063324
259.061157
259.091461
259.078735
259.067932
259.048065
259.076782
259.052399
259.106293
259.088379
259.043701
259.060303
259.059052
259.114319
CCHECK 67705770221599453085696.000000
