Executing with the following parameters: 
Num elements = 51200000
Will perform a dry run? yes
242.838287
242.864471
242.887238
242.864685
242.849319
242.859009
242.850464
242.887650
242.885620
242.870422
242.871674
242.910629
242.823029
242.849731
242.863953
242.839066
242.862701
242.831985
242.834427
242.861511
242.821564
242.881775
242.839890
242.864166
242.854111
242.855621
242.821716
242.857498
242.827972
242.846359
242.799484
242.823181
242.848694
242.893387
242.818390
242.868027
242.892181
242.826248
242.858597
242.856567
242.833908
242.836670
242.861816
242.860107
242.849426
242.853851
242.849426
242.848328
242.835983
242.855103
CCHECK 67705770221599453085696.000000
