Executing with the following parameters: 
Num elements = 51200000
Will perform a dry run? yes
518.808350
518.944214
518.906006
518.875793
518.910034
518.800232
518.844604
518.856262
518.907837
518.779541
518.859192
518.914856
518.954346
518.860229
518.887268
518.834167
518.875916
518.852783
518.790649
518.881653
518.928772
518.827393
518.910217
518.968567
518.932617
518.877563
518.804382
518.896301
518.774475
518.823120
518.814758
518.837891
518.987061
518.891785
518.797791
518.903687
518.787231
518.863220
519.008728
518.880676
518.910828
518.851501
518.805420
518.862854
518.889282
518.924194
518.914246
518.806396
518.888000
518.967468
CCHECK 67705770221599453085696.000000
