Executing with the following parameters: 
Num elements = 51200000
Will perform a dry run? yes
177.906296
177.977448
177.968857
177.954269
177.960312
177.962555
177.952240
177.947968
177.961411
178.003494
177.966141
177.967712
177.977295
177.962860
177.910629
177.918121
177.931503
177.943497
177.950256
177.942505
177.906982
177.927658
177.980942
177.938904
177.953644
177.944534
177.952606
177.940369
177.951920
177.951767
177.951569
177.927399
177.926193
177.941254
177.935471
177.951920
177.928391
177.931091
177.941147
177.945526
177.945312
177.957870
177.941101
177.951141
177.973068
177.941513
177.970306
177.939011
177.911255
177.948746
CCHECK 67705770221599453085696.000000
