Executing with the following parameters: 
Num elements = 51200000
Will perform a dry run? yes
32.770210
32.673332
32.659325
32.691509
32.655678
32.660156
32.661041
32.661667
32.672134
32.660000
32.656719
32.682812
32.671772
32.660313
32.676926
32.656250
32.672241
32.653957
32.672604
32.670418
32.654270
32.675312
32.656773
32.664165
32.675102
32.654999
32.650261
32.655418
32.658386
32.664322
32.676666
32.656303
32.650364
32.669216
32.669113
32.646873
32.646252
32.648853
32.657917
32.665104
32.646980
32.654221
32.654949
32.652863
32.663437
32.656357
32.670261
32.657604
32.688335
32.663593
CCHECK 67705770221599453085696.000000
