Executing with the following parameters: 
Num elements = 51200000
Will perform a dry run? yes
113.164169
113.176460
113.192917
113.192917
113.171043
113.198174
113.164635
113.175415
113.185104
113.166664
113.177658
113.179527
113.169373
113.173538
113.169533
113.195625
113.190048
113.178490
113.171722
113.180885
113.175987
113.167816
113.178802
113.177864
113.178490
113.179115
113.181305
113.166405
113.165779
113.177185
113.167915
113.182137
113.165108
113.158958
113.164841
113.170570
113.213020
113.178177
113.168388
113.181145
113.170471
113.163956
113.172867
113.181877
113.191978
113.184845
113.161980
113.162498
113.165054
113.173645
CCHECK 67705770221599453085696.000000
