Executing with the following parameters: 
Num elements = 51200000
Will perform a dry run? yes
323.941925
324.006134
323.980835
324.003540
323.983765
324.024109
324.039062
324.002075
323.992920
324.022095
323.992035
323.973816
323.999054
323.992706
324.005676
324.019745
323.999054
324.002441
323.994598
324.030518
324.015350
323.985779
324.008698
323.946716
323.971985
323.970978
324.017700
323.989899
323.998596
323.995483
324.008484
324.052185
323.995117
323.999390
324.055145
324.063812
323.980255
323.979675
324.035309
324.069519
324.027191
324.047241
324.082458
324.010620
324.014679
324.014587
323.997192
323.977020
323.978027
324.037506
CCHECK 67705770221599453085696.000000
